0000000: 00110100 11111011 10010101 01010000 10000001 10100110  4..P..
0000006: 00100010 10101011 10101111 00000100 00001101 00110011  "....3
000000c: 00001001 11110100 00111011 11110101 10111010 10010101  ..;...
0000012: 00001111 00101101 00111100 00101100 00100001 10010001  .-<,!.
0000018: 01010001 01001111 00101000 01010001 10100001 00000111  QO(Q..
000001e: 11010000 11110100 10110011 01110001 01010011 11000011  ...qS.
0000024: 00010011 11101110 01101000 11111111 00011111 10000001  ..h...
000002a: 01111001 00010101 11101101 10100110 10011111 00010100  y.....
0000030: 10111010 00111011 10010110 11100100 00000111 01111101  .;...}
0000036: 01010111 11110001 00110011 10001100 01011011 01010010  W.3.[R
000003c: 11111111 11010010 00110001 10111111                    ..1.
